0
0
0
0
0
0
8
5
18
16
20
30
32
21
12
17
5
20
15
44
31
15
43
26
13
12
7
15
13
11
19
17
11
8
4
7
4
4
2
13
37
37
27
47
15
10
4
2
1
3
2
5
0
2
7
3
2
4
1
0
1
0
2
0
3
1
2
0
2
2
4
1
2
3
0
0
0
4
1
1
0
1
4
8
5
1
2
0
0
1
1
1
1
1
0
0
0
1
0
0
1
0
0
0
2
1
0
0
0
1
0
2
0
0
0
0
0
0
0
2
1
0
1
0
0
2
0
0
1
0
0
0
0
1
1
0
0
0
0
0
0
0
0
0
0
0
0
0
0
0
0
0
0
0
0
1
0
0
0
0
1
0
0
0
0
0
0
0
0
0
0
0
0
0
0
1
0
0
0
0
0
0
0
0
0
0
0
0
0
0
0
0
0
0
0
0
0
0
0
0
0
0
0
0
0
0
0
0
0
0
0
0
0
0
0
0
0
0
0
0
0
0
0
0
0
0
0
0
0
0
0
0
0
0
0
0
0
0
0
0
0
0
0
0
0
0
0
0
0
0
0
0
0
0
0
0
0
0
0
0
0
0
0
0
0
0
0
0
0
0
0
0
0
0
0
0
0
0
0
0
0
0
0
0
0
0
0
0
0
0
0
0
0
0
0
0
0
0
0
0
0
0
0
0
0
0
0
0
0
0
0
0
0
0
0
0
0
0
0
0
0
0
0
0
0
0
0
0
0
0
0
0
0
0
0
0
0
0
0
0
0
0
0
0
